0.012409 164
13.022166 1
0.128728 1
0.223607 1
0.159735 1
0.120012 1
1.264121 1
1.631924 1
0.128603 1
0.135329 1
0.127737 1
0.120117 1
0.496156 1
0.184062 1
0.055956 1
0.080108 1
0.143711 1
0.135882 1
0.216130 1
0.096672 1
0.167558 1
0.144154 1
0.304146 2
0.460365 164
5.747231 1
0.119782 1
0.208291 1
0.159992 1
0.247836 1
0.248103 1
0.096248 1
0.095776 1
0.191740 1
0.648305 4
0.463908 1
0.488026 4
0.248035 1
1.495892 1
0.079705 1
0.160347 1
0.191979 1
0.135683 1
0.952223 1
0.160125 1
0.079926 1
0.071861 1
0.264244 1
1.104064 2
0.078281 34
0.000472 69
0.012156 19
0.000055 2
0.000293 38
0.000049 31
0.000350 21
0.000332 38
0.000092 31
0.000311 21
0.000332 38
0.000045 31
0.000398 22
0.003974 164
5.302522 6
